1 0.506649 0.486943 0.037234 0.038166
1 0.567154 0.504017 0.027926 0.028122
1 0.597074 0.842491 0.050532 0.058254
1 0.821809 0.828429 0.026596 0.026114
1 0.426862 0.823407 0.058511 0.068297
1 0.361702 0.415633 0.047872 0.036157
1 0.122340 0.183623 0.061170 0.026114
1 0.341755 0.022924 0.042553 0.030131
1 0.484043 0.124365 0.037234 0.036157
1 0.554521 0.263973 0.029255 0.022096
1 0.446809 0.451790 0.031915 0.020087
1 0.544548 0.570306 0.035904 0.044192
1 0.267952 0.444760 0.054521 0.026114
1 0.267952 0.212750 0.038564 0.016070
1 0.649601 0.171571 0.033245 0.046201
1 0.676862 0.399563 0.047872 0.068297
1 0.684176 0.537162 0.033245 0.030131
1 0.806516 0.607468 0.041223 0.042184
1 0.947473 0.812359 0.041223 0.042184
1 0.797207 0.463843 0.035904 0.044192