0 0.684176 0.372425 0.051862 0.051975
0 0.569149 0.510631 0.039894 0.035437
0 0.507979 0.498819 0.066489 0.049612
0 0.357048 0.401956 0.083777 0.082687
0 0.608378 0.894537 0.057181 0.066150
0 0.428191 0.870912 0.047872 0.061425
0 0.115691 0.125545 0.045213 0.077962
0 0.247340 0.190513 0.079787 0.051975
0 0.482713 0.049945 0.037234 0.063787
0 0.561835 0.229494 0.027926 0.092137
0 0.442154 0.440938 0.046543 0.023625
0 0.647606 0.124363 0.029255 0.080325
0 0.793883 0.461019 0.045213 0.101587
0 0.692154 0.524806 0.057181 0.092137
0 0.539229 0.590956 0.054521 0.044887
0 0.808511 0.637025 0.047872 0.051975
0 0.808511 0.877999 0.047872 0.075600
0 0.940160 0.877999 0.053191 0.056700